   2          TOTAL NUMBER OF ATOM TYPES                                        
   8   8      ELECTRONIC AND NUCLEAR CHARGE                                     
ALL           ALL-ELECTRON ATOM TYPE                                            
   1          NUMBER OF ATOMS OF TYPE OXY                                       
 0.000000 0.000000 0.000000 UPO                                                 
 0                                                                              
  13          NUMBER OF BARE GAUSSIANS                                          
   5   4   3  NUMBER OF S,P,D FUNCTIONS                                         
   0   0   1  SUPPLEMENTARY S,P,D FUNCTIONS                                     
       0.6120995220D+05       0.9191660630D+04       0.2094692730D+04           
       0.5935495900D+03       0.1936468550D+03       0.6977937380D+02           
       0.2693975300D+02       0.1093418610D+02       0.4565711210D+01           
       0.1884057180D+01       0.7553058400D+00       0.2915527400D+00           
       0.1049174000D+00                                                         
                                                                                
       0.2484510850D+00       0.4640692010D+00       0.8000280060D+00           
       0.1288259230D+01       0.1912301250D+01       0.2484317540D+01           
       0.2565928310D+01       0.1710267850D+01       0.4862767820D+00           
       0.2128629570D-01       0.3876386950D-03      -0.1273179470D-03           
       0.1805300580D-04                                                         
                                                                                
      -0.5837699430D-01      -0.1091869670D+00      -0.1884255660D+00           
      -0.3060803760D+00      -0.4627975500D+00      -0.6352657150D+00           
      -0.7423516650D+00      -0.6508699470D+00      -0.2850338670D+00           
       0.1945857910D+00       0.3001787390D+00       0.1205146690D+00           
       0.7304580300D-02                                                         
                                                                                
       0.0000000000D+00       0.0000000000D+00       0.0000000000D+00           
       0.0000000000D+00       0.0000000000D+00       0.0000000000D+00           
       0.0000000000D+00       0.0000000000D+00       0.0000000000D+00           
       0.0000000000D+00       0.1000000000D+01       0.0000000000D+00           
       0.0000000000D+00                                                         
                                                                                
       0.0000000000D+00       0.0000000000D+00       0.0000000000D+00           
       0.0000000000D+00       0.0000000000D+00       0.0000000000D+00           
       0.0000000000D+00       0.0000000000D+00       0.0000000000D+00           
       0.0000000000D+00       0.0000000000D+00       0.1000000000D+01           
       0.0000000000D+00                                                         
                                                                                
       0.0000000000D+00       0.0000000000D+00       0.0000000000D+00           
       0.0000000000D+00       0.0000000000D+00       0.0000000000D+00           
       0.0000000000D+00       0.0000000000D+00       0.0000000000D+00           
       0.0000000000D+00       0.0000000000D+00       0.0000000000D+00           
       0.1000000000D+01                                                         
                                                                                
       0.4803085360D-01       0.7673145870D-01       0.1493385660D+00           
       0.2241829500D+00       0.3683805400D+00       0.5002376060D+00           
       0.6764937310D+00       0.7390674950D+00       0.7096321280D+00           
       0.4954630190D+00       0.2131075530D+00       0.5731713790D-01           
       0.6280915410D-02                                                         
                                                                                
       0.0000000000D+00       0.0000000000D+00       0.0000000000D+00           
       0.0000000000D+00       0.0000000000D+00       0.0000000000D+00           
       0.0000000000D+00       0.0000000000D+00       0.0000000000D+00           
       0.0000000000D+00       0.1000000000D+01       0.0000000000D+00           
       0.0000000000D+00                                                         
                                                                                
       0.0000000000D+00       0.0000000000D+00       0.0000000000D+00           
       0.0000000000D+00       0.0000000000D+00       0.0000000000D+00           
       0.0000000000D+00       0.0000000000D+00       0.0000000000D+00           
       0.0000000000D+00       0.0000000000D+00       0.1000000000D+01           
       0.0000000000D+00                                                         
                                                                                
       0.0000000000D+00       0.0000000000D+00       0.0000000000D+00           
       0.0000000000D+00       0.0000000000D+00       0.0000000000D+00           
       0.0000000000D+00       0.0000000000D+00       0.0000000000D+00           
       0.0000000000D+00       0.0000000000D+00       0.0000000000D+00           
       0.1000000000D+01                                                         
                                                                                
       0.0000000000D+00       0.0000000000D+00       0.0000000000D+00           
       0.0000000000D+00       0.0000000000D+00       0.0000000000D+00           
       0.0000000000D+00       0.0000000000D+00       0.0000000000D+00           
       0.1000000000D+01       0.0000000000D+00       0.0000000000D+00           
       0.0000000000D+00                                                         
                                                                                
       0.0000000000D+00       0.0000000000D+00       0.0000000000D+00           
       0.0000000000D+00       0.0000000000D+00       0.0000000000D+00           
       0.0000000000D+00       0.0000000000D+00       0.0000000000D+00           
       0.0000000000D+00       0.1000000000D+01       0.0000000000D+00           
       0.0000000000D+00                                                         
                                                                                
       0.0000000000D+00       0.0000000000D+00       0.0000000000D+00           
       0.0000000000D+00       0.0000000000D+00       0.0000000000D+00           
       0.0000000000D+00       0.0000000000D+00       0.0000000000D+00           
       0.0000000000D+00       0.0000000000D+00       0.1000000000D+01           
       0.0000000000D+00                                                         
                                                                                
       0.0000000000D+00       0.0000000000D+00       0.0000000000D+00           
       0.0000000000D+00       0.0000000000D+00       0.0000000000D+00           
       0.0000000000D+00       0.0000000000D+00       0.0000000000D+00           
       0.0000000000D+00       0.0000000000D+00       0.0000000000D+00           
       0.1000000000D+01                                                         
                                                                                
   1   1      ELECTRONIC AND NUCLEAR CHARGE                                     
ALL           ALL-ELECTRON ATOM TYPE                                            
   2          NUMBER OF ATOMS OF TYPE HYD                                       
 1.023240 1.023240 1.122785 UPO                                                 
 -1.023240 -1.023240 1.122785 UPO                                               
 0                                                                              
   6          NUMBER OF BARE GAUSSIANS                                          
   4   3   1  NUMBER OF S,P,D FUNCTIONS                                         
   0   1   1  SUPPLEMENTARY S,P,D FUNCTIONS                                     
       0.7784080190D+02       0.1153441740D+02       0.2613858140D+01           
       0.7321663300D+00       0.2283819000D+00       0.7450697000D-01           
                                                                                
       0.3765677010D-01       0.7036322570D-01       0.1131455390D+00           
       0.1393935110D+00       0.1091635820D+00       0.3585699350D-01           
                                                                                
       0.0000000000D+00       0.0000000000D+00       0.0000000000D+00           
       0.1000000000D+01       0.0000000000D+00       0.0000000000D+00           
                                                                                
       0.0000000000D+00       0.0000000000D+00       0.0000000000D+00           
       0.0000000000D+00       0.1000000000D+01       0.0000000000D+00           
                                                                                
       0.0000000000D+00       0.0000000000D+00       0.0000000000D+00           
       0.0000000000D+00       0.0000000000D+00       0.1000000000D+01           
                                                                                
       0.0000000000D+00       0.0000000000D+00       0.1000000000D+01           
       0.0000000000D+00       0.0000000000D+00       0.0000000000D+00           
                                                                                
       0.0000000000D+00       0.0000000000D+00       0.0000000000D+00           
       0.1000000000D+01       0.0000000000D+00       0.0000000000D+00           
                                                                                
       0.0000000000D+00       0.0000000000D+00       0.0000000000D+00           
       0.0000000000D+00       0.1000000000D+01       0.0000000000D+00           
                                                                                
       0.0000000000D+00       0.0000000000D+00       0.0000000000D+00           
       0.0000000000D+00       0.0000000000D+00       0.1000000000D+01           
                                                                                
       0.0000000000D+00       0.0000000000D+00       0.0000000000D+00           
       0.1000000000D+01       0.0000000000D+00       0.0000000000D+00           
                                                                                
       0.0000000000D+00       0.0000000000D+00       0.0000000000D+00           
       0.0000000000D+00       0.1000000000D+01       0.0000000000D+00           
                                                                                
 5.000000 5.000000                                                              
WFOUT                                                                           
     1     SPIN
     5     NUMBER OF OCCUPIED ORBITALS, EVALUES:
  -18.6103169655     -0.921198175472     -0.483494721266    
 -0.344592183868     -0.269573273242    
     1     NUMBER OF REPRESENTATIONS
     5    73
   1.00000000000       1.00000000000       1.00000000000    
   1.00000000000       1.00000000000    
  
  -1.00011388896     -0.522439853741E-03  0.782644050212E-03
 -0.537382106277E-03 -0.551202208491E-04 -0.153808078165E-09
 -0.153809485835E-09 -0.684874491704E-02  0.504137837051E-10
  0.504147926808E-10  0.341888572633E-02 -0.741560334925E-10
 -0.741561990349E-10 -0.846057688760E-05 -0.280536636630E-11
 -0.280539293668E-11  0.234768371052E-04 -0.101093706152E-02
 -0.101093706151E-02 -0.147064930214E-02 -0.224943036026E-02
 -0.473586252216E-09 -0.473587310100E-09  0.499820706012E-03
  0.499820706011E-03  0.783481072174E-03  0.929873243226E-03
 -0.184162889184E-10 -0.184157002781E-10 -0.968165989887E-04
 -0.968165989887E-04 -0.109029587300E-03 -0.139652436861E-03
 -0.275409636541E-10 -0.275411422270E-10 -0.846733336631E-04
 -0.312479252192E-03  0.422819298813E-03  0.129955531160E-04
 -0.757402125178E-04 -0.757402125175E-04 -0.729422899800E-04
  0.415098223312E-03  0.415098223312E-03  0.374871439363E-03
 -0.660697897943E-04 -0.660697897942E-04 -0.735590348784E-04
 -0.167539925818E-03 -0.167539925819E-03 -0.103405863506E-03
 -0.299278880342E-03 -0.249645653969E-03 -0.249645653969E-03
 -0.846731911996E-04 -0.312479351882E-03  0.422819110132E-03
  0.129955392612E-04  0.757402717764E-04  0.757402717771E-04
 -0.729423349267E-04 -0.415098311315E-03 -0.415098311316E-03
  0.374871531782E-03  0.660697534304E-04  0.660697534306E-04
 -0.735589950874E-04 -0.167539964946E-03 -0.167539964946E-03
 -0.103405887138E-03 -0.299278942321E-03  0.249645717580E-03
  0.249645717580E-03
  
 -0.616788590522E-02  0.857276779470     -0.169314224614E-01
 -0.181896095322E-01 -0.299677019805E-02 -0.409544937964E-08
 -0.409544747492E-08  0.315749632217      0.413072335963E-08
  0.413072568408E-08 -0.140390219182E-02  0.371506552341E-09
  0.371506263017E-09 -0.130917196056E-01  0.718867024494E-10
  0.718868673068E-10 -0.216609074056E-02  0.563782059104E-02
  0.563782059104E-02  0.198839708673E-01  0.499518687967E-01
  0.137453500041E-07  0.137453532106E-07 -0.388928710752E-02
 -0.388928710752E-02 -0.380450003414E-03  0.500942940045E-02
  0.783260940953E-09  0.783259767724E-09 -0.144592061147E-02
 -0.144592061147E-02 -0.134528156796E-02 -0.171491267461E-03
  0.176846222921E-09  0.176847743123E-09  0.439176791692    
 -0.759352502945E-02 -0.294319885565E-01 -0.154575670037E-01
 -0.156467108215E-01 -0.156467108215E-01 -0.146656869391E-01
 -0.125900966356E-01 -0.125900966356E-01 -0.110720886625E-01
 -0.205490469204E-02 -0.205490469204E-02 -0.169327809592E-02
  0.337610239339E-03  0.337610239341E-03  0.310722973745E-03
  0.647772580664E-02  0.519330182326E-02  0.519330182326E-02
  0.439176786466     -0.759352220643E-02 -0.294319882315E-01
 -0.154575667024E-01  0.156467090913E-01  0.156467090913E-01
 -0.146656853250E-01  0.125900999106E-01  0.125900999106E-01
 -0.110720921803E-01  0.205490453623E-02  0.205490453623E-02
 -0.169327834698E-02  0.337611759836E-03  0.337611759837E-03
  0.310724188136E-03  0.647772873743E-02 -0.519330572043E-02
 -0.519330572043E-02
  
 -0.972369270611E-09 -0.138439131826E-07  0.255447222883E-08
 -0.170438028651E-07 -0.343947494468E-08  0.934580052857    
  0.934580052857      0.460249613202E-07 -0.716910641533E-02
 -0.716910641532E-02  0.401218141547E-09 -0.210587075934E-01
 -0.210587075934E-01 -0.987484686884E-08 -0.374008312997E-02
 -0.374008312997E-02 -0.779008341484E-09  0.535619157408E-08
  0.535618174516E-08 -0.143945943390E-07 -0.322828291249E-07
  0.868013332822E-01  0.868013332822E-01  0.948742078918E-09
  0.948747262511E-09  0.121249869648E-08  0.937824175894E-09
  0.849431619006E-02  0.849431619006E-02 -0.950161624960E-09
 -0.950163518912E-09 -0.176136543985E-08 -0.225044338297E-08
 -0.219907646890E-03 -0.219907646890E-03  0.659299208285    
 -0.956139987795E-03 -0.246867943651E-01 -0.201808100650E-01
 -0.116290431254E-01 -0.116290431254E-01 -0.210934422989E-01
 -0.757534362652E-02 -0.757534362652E-02 -0.190298175881E-01
 -0.206772979841E-02 -0.206772979840E-02 -0.401628810023E-02
 -0.166580304590E-02 -0.166580304590E-02  0.368857023509E-02
  0.204457487230E-02  0.615549251215E-02  0.615549251215E-02
 -0.659299194485      0.956144341901E-03  0.246868131386E-01
  0.201808109036E-01 -0.116290453629E-01 -0.116290453629E-01
  0.210934447437E-01 -0.757533857701E-02 -0.757533857701E-02
  0.190298145269E-01 -0.206772510453E-02 -0.206772510453E-02
  0.401628405434E-02  0.166580459572E-02  0.166580459572E-02
 -0.368856937568E-02 -0.204457263663E-02  0.615549243521E-02
  0.615549243520E-02
  
  0.306308133964E-02  0.352781563122      0.109709310436E-02
  0.357571580590E-01  0.183186994158E-01  0.130521520203E-07
  0.130520899396E-07  -1.40509605088      0.134505872566E-08
  0.134506124207E-08  0.131173249284E-01  0.979546411876E-08
  0.979546466887E-08  0.151591476933E-01  0.472820763346E-09
  0.472820571012E-09  0.111335330299E-02  0.140281421132E-01
  0.140281421132E-01 -0.395372744127E-01 -0.211195738603E-01
  0.410241802127E-07  0.410241853670E-07  0.772682139213E-02
  0.772682139213E-02 -0.457752442994E-02  0.949338250677E-02
  0.138217982906E-08  0.138217357183E-08  0.106943066443E-02
  0.106943066443E-02 -0.104261101606E-02  0.331495829349E-03
  0.383667209817E-08  0.383667674151E-08 -0.370511577457    
 -0.440857622384E-02  0.735965229188E-02  0.927808337758E-02
  0.105555382224E-01  0.105555382224E-01 -0.432170928366E-02
  0.141801941543E-01  0.141801941543E-01 -0.320231352783E-02
  0.334295769836E-02  0.334295769835E-02 -0.355009477911E-02
 -0.298242042497E-02 -0.298242042497E-02  0.295374672953E-02
 -0.102696336380E-01 -0.171580808584E-02 -0.171580808584E-02
 -0.370511625895     -0.440856881485E-02  0.735967728605E-02
  0.927808593121E-02 -0.105555425778E-01 -0.105555425778E-01
 -0.432170459218E-02 -0.141801880622E-01 -0.141801880622E-01
 -0.320232096138E-02 -0.334295158978E-02 -0.334295158978E-02
 -0.355009895671E-02 -0.298241701142E-02 -0.298241701142E-02
  0.295375010608E-02 -0.102696303429E-01  0.171580593790E-02
  0.171580593790E-02
  
  0.756205204651E-14  0.327847185462E-13 -0.765626153986E-13
  0.648415447598E-13  0.226213261073E-13  -1.12756591587    
   1.12756591587     -0.421879985859E-13  0.120209580351E-02
 -0.120209580348E-02 -0.865149240520E-14  0.136771933014E-02
 -0.136771933016E-02  0.123308788365E-13 -0.295662123179E-02
  0.295662123179E-02  0.306507691648E-14 -0.257643871553E-07
  0.257644162745E-07  0.113461769468E-13  0.749177942669E-15
 -0.452315217473E-01  0.452315217473E-01 -0.102707312160E-08
  0.102702288989E-08 -0.259400652372E-13 -0.429758947884E-14
 -0.747697839487E-02  0.747697839490E-02 -0.683519585179E-09
  0.683498193571E-09 -0.918697090363E-14  0.302401720302E-14
 -0.281695643646E-02  0.281695643645E-02 -0.455611779534E-13
 -0.265691526554E-15  0.102318860968E-13  0.147637196559E-14
 -0.122820972073E-01  0.122820972073E-01 -0.185159584707E-14
 -0.156896798153E-01  0.156896798153E-01  0.488749471054E-14
 -0.532915194774E-02  0.532915194773E-02 -0.321246632944E-14
  0.677143305003E-02 -0.677143305003E-02 -0.188090051598E-14
 -0.353130317498E-14  0.664538022178E-02 -0.664538022178E-02
  0.329032909711E-13 -0.520724553751E-14 -0.375673773762E-13
 -0.908361604158E-14 -0.122820944740E-01  0.122820944740E-01
 -0.136999674457E-15 -0.156896819783E-01  0.156896819783E-01
 -0.645671102765E-14 -0.532915232535E-02  0.532915232533E-02
  0.467990970706E-14 -0.677143572639E-02  0.677143572640E-02
  0.892198905014E-14  0.666808484040E-14  0.664538406048E-02
 -0.664538406050E-02
